22637
68878
64036
68877
66697
64037
66219
17281
66218
4969
30267
55567
55566
4966
2307
40052
64045
40051
64044
76493
56426
2798
2797
33761
80512
55578
55577
33760
4975
4976
31589
29270
40043
42222
80536
82722
30245
55106
55588
52079
5831
4501
30248
31579
34605
34604
32425
30249
32426
42696
42697
24807
39046
40039
22620
42699
15094
32412
12825
55596
12823
12824
55594
27075
78699
52089
55119
55118
29251
66255
39031
67587
38186
39033
38187
70750
38188
39036
3684
20416
21745
20898
79576
58630
33738
66251
35914
5857
33737
5858
70748
66250
42673
22603
66264
64088
54280
21757
35900
78232
60964
81887
60963
39028
5865
31546
33725
33726
66263
31548
33724
31547
69303
64098
40482
15042
64099
43996
40485
40484
40006
2373
27027
21726
2372
61821
44844
43998
43999
20875
61824
11922
32864
11921
32862
31532
28356
29687
29686
15049
15048
18566
18567
5891
5892
23915
1053
55152
60987
1046
30671
4558
5405
8916
30676
45358
47538
45357
63582
45359
46202
19066
7600
24412
24898
23567
47539
67949
39917
14619
15949
39919
39918
36400
37731
78603
83197
36401
56812
56813
13765
5419
83181
83180
44496
68800
63112
44495
7610
27931
59099
31184
31183
26602
26605
59097
35546
34696
50288
54642
54641
53795
51137
10263
15950
5427
13777
20037
19048
20036
43159
12891
63124
13749
34206
33358
50297
52477
22691
20030
53328
84069
15923
15922
48832
6302
19052
24885
22224
24886
15939
35525
32498
51152
55511
55516
44472
13751
85384
15934
35529
15933
25705
8970
24858
8971
19028
25706
6797
63146
74273
74272
74271
36848
35513
52493
6306
12876
23538
6320
63155
18186
5474
47962
6321
18187
4145
22682
23536
15914
51179
32473
9823
36830
36831
36833
63150
24836
22657
45776
19005
42267
22658
65340
24838
9843
51181
69708
46627
35976
77331
74291
74290
36829
53369
36820
19008
34648
36823
6346
5499
66206
18162
32456
55551
53378
78655
78654
36819
229
10684
36811
10685
8530
37690
37691
26557
34184
59483
24371
24370
24373
22195
24372
24375
49675
47011
48336
25237
64849
24381
83588
18947
51537
18942
80076
51538
18945
48329
50209
12373
8557
61342
63523
65707
35019
50690
34166
50210
76843
53723
76844
51543
83131
50212
1916
46142
1915
12379
18911
1911
18912
64860
15892
62203
62204
5050
85308
75980
34156
34155
48310
8558
80092
15895
50227
18921
55915
50229
55914
48306
15860
12352
71168
26510
6392
39832
49630
51567
52419
13207
15868
13689
8586
49625
49623
15870
33284
26521
33285
26526
28706
283
49629
35468
40804
23010
23011
52420
13697
38975
50247
38979
7268
7267
21287
43078
21285
24797
63568
63569
83179
79911
34123
54615
12333
83175
83178
12332
36304
37636
83174
38969
38968
9454
63575
24322
33260
34592
63579
26503
7273
34118
15859
50264
45241
38141
39474
66177
39473
37296
47092
31992
47093
57228
30664
84847
31996
30665
47094
42632
39465
39464
39466
40458
61730
72860
21715
43964
21714
42633
63911
63914
55052
55058
31982
55056
81326
31984
55055
29677
27498
84832
27497
39469
39468
32837
50601
51938
51939
43950
69224
72876
43951
18512
43952
43957
61744
43953
28318
43955
8150
55063
43956
28319
30640
85715
27460
28791
25287
35080
38111
9491
27479
9492
59434
57255
27477
75900
3700
73729
80491
16796
71563
37256
71564
43936
43938
40429
8173
83558
14138
18978
52818
38570
13291
38571
40892
72421
13296
17650
28303
28304
13290
83546
83548
28786
83545
23099
46198
46197
69255
50645
17620
43913
63963
43910
43911
9041
9042
2887
2886
28752
23064
49696
38568
38569
5912
76805
57290
27437
1571
57297
57291
27438
26580
23072
26581
80055
83560
13277
13278
15455
80054
69274
46171
22758
40184
42368
44540
21426
81969
39194
5938
56530
29383
36921
70825
66347
18266
19112
22761
9074
78310
79644
79647
55214
79646
55213
5945
11631
46701
20553
20552
20550
65028
18233
3783
17380
2450
31690
77016
81994
79679
32549
27183
12930
42332
22746
71710
22747
41488
41486
42331
9094
41008
41007
9093
16060
33860
3784
31208
3786
5965
5966
33868
33867
17365
18212
16032
18215
17362
29348
27169
1134
57423
1133
18216
67238
53070
81999
55252
79681
20547
53071
79682
53072
55255
3328
55254
55253
65051
39130
61942
16490
31652
53086
56111
56114
18679
20522
72603
20521
72604
20520
80209
27159
18680
45804
43625
56127
39128
39127
33826
39129
13880
49832
66731
19184
23201
26711
22354
22355
23202
23203
73021
72172
56937
43292
12553
20172
56938
20171
16912
43291
23218
26728
24549
6885
6884
23212
24546
23217
24547
33489
78710
53433
54764
53434
84155
10385
36994
9903
768
14743
53435
10387
20181
54766
10386
5547
44130
46791
55619
10388
13897
43279
44125
9920
11681
3387
3385
25843
49817
51263
77414
13860
54778
13861
77418
10358
64100
64101
75238
75237
25854
44118
16904
16908
41080
789
36978
20137
25828
44106
6430
25827
44105
7762
46761
45433
46762
34781
44108
22796
44107
22314
48947
20138
75240
794
33454
34783
22791
3399
34782
8604
54316
9939
35637
9953
7776
42396
19151
81913
81914
25834
37804
37805
32597
56986
51295
32598
56987
56980
78754
51297
56982
79603
11671
13855
11677
13854
7781
45411
20592
45410
73088
81945
46747
56513
56514
34763
32100
53004
53003
5116
5117
36941
5118
5119
36943
18289
25814
21456
41043
41042
63297
63298
63299
65476
45400
40199
18287
42374
19135
42375
19134
25811
46739
45408
46737
25812
32577
78772
11658
32578
53496
11657
34753
345
53497
28081
40191
36480
6473
8655
14694
75602
39511
36486
39510
8654
24013
40506
25348
24490
60118
27520
25340
26674
6469
68074
36488
39512
68073
51644
53824
76949
8663
71259
38651
8664
46277
15550
20900
71250
29716
85407
85405
25350
85404
9506
9507
76934
47121
36479
19913
5162
5163
5165
48447
47597
28831
62316
25326
71261
63649
35137
22296
17704
37316
15527
6027
38630
8202
71277
75634
6026
8203
75633
71275
75632
35127
25331
14687
9529
44
8696
48426
44066
7369
12470
8697
9545
8698
40942
22275
27965
22278
23125
27966
394
27967
395
396
76980
61006
76983
61005
61004
61003
61002
2908
61001
2907
84124
2906
37777
37778
16836
47568
6045
46237
54719
8224
44058
7370
23137
51690
52543
48893
37766
56900
37751
27942
23102
74332
74331
6051
60177
39931
60176
39930
39933
38602
51226
38603
36426
15967
39934
2925
49727
44037
63693
63694
44036
20086
63697
63698
23597
24449
49729
49728
27956
39929
80
44030
8239
39921
83
84
51239
85
6075
39595
39594
83628
55164
55163
55162
20974
27120
1613
27121
78287
1611
29787
28455
90
91
66295
42751
16482
17334
55170
80108
85803
27131
10703
3805
85802
27130
10704
50721
32954
1625
36060
14272
16450
14270
38243
72994
57364
83657
29761
81479
24072
2964
24076
28431
32947
73839
1638
48040
1637
48041
8287
14282
27117
2975
39568
39567
18646
24080
18647
32931
24081
71204
15102
71202
15101
71203
15584
71201
29746
29745
28414
61402
28898
35195
26239
35192
2501
28895
56058
28894
37378
38229
17765
17766
72528
17767
19945
38690
18622
61890
57395
82332
67190
24066
30736
48498
39548
30738
67192
18624
39549
19956
47159
39531
39533
16893
72553
49335
16892
1682
20914
35170
40519
85879
24031
19929
1674
83215
1673
83214
16415
39534
39537
51625
2529
51627
51626
73418
9179
9177
37340
38674
24047
29733
1206
60104
83202
50301
76911
82352
83200
50303
38678
76914
18602
73409
19225
17046
25904
19226
20695
20694
9180
9181
29029
44669
9187
44668
13925
2547
34864
55326
35718
55327
4725
13920
67795
42473
82927
82928
1230
18382
18383
43329
2557
29033
54483
34859
4734
13933
11755
11754
30018
43311
71821
41136
40286
43310
1242
43319
29008
39290
41137
20679
33512
32666
59701
33994
3415
10879
33511
79317
19207
3419
3418
40276
43788
33985
33986
30476
31323
32650
2576
1244
53179
1243
10880
5602
31325
50901
46808
46809
56215
56216
1259
82503
56217
32640
17008
18344
40252
20665
41581
41580
40258
80306
20667
20666
83822
83821
83824
83823
83820
55378
32639
37073
16131
7820
55383
37072
28110
31772
57569
1278
1276
16141
67376
17471
15299
17472
20649
20648
81659
20645
27274
57579
29452
81661
3467
3466
6976
81660
33945
67374
33944
23328
45599
45113
2155
2154
66856
35317
54870
53544
61169
21141
47771
61166
52217
44258
45589
82091
45106
82092
22000
74004
67719
67718
37969
35300
25992
37962
54404
37963
407
37964
37965
37966
45577
46423
74015
74014
74013
65549
37958
37959
54892
35777
51384
13989
8709
35776
411
51385
3499
52233
50059
37952
37953
29086
11324
11323
8706
11325
42058
25979
42059
13990
63376
63377
50060
25978
13518
32258
32256
32257
76675
79702
76677
10484
43380
10483
79703
5209
44221
43373
42044
75367
46409
46407
79731
29066
79733
79732
14819
79737
12630
79736
12631
8723
11301
4383
63395
47723
42031
41189
19278
67757
23774
67758
23775
17091
30059
52267
14820
55778
43361
70932
18395
29046
13949
10430
7416
58814
55309
42498
5252
42499
5254
6104
42495
21571
42496
32690
17072
3077
31366
55795
29057
31365
55310
29056
31368
33541
33542
53137
467
34872
31364
29058
70934
3082
75726
8771
13484
70035
38783
9624
23288
3088
27644
82029
27641
36126
35278
37458
47253
53948
83350
36591
5275
36592
7455
15672
33087
57072
484
83349
23291
82497
82498
26322
13499
18705
15675
16527
48569
48567
8799
14794
47237
71387
11285
72232
23266
25447
61109
23260
23262
36102
23264
11287
16976
16978
16977
47227
11292
5298
14320
74423
73576
35243
74421
35242
28964
85548
85549
52642
23273
39601
38754
61110
38755
54821
13476
15659
39607
81183
39606
27609
12590
44188
49877
46367
49876
72256
46365
21066
49874
46366
12119
85578
45031
46363
52656
46364
82066
52655
12116
36568
27618
15630
73116
38730
72263
33041
27616
72261
25436
27617
23259
72260
37408
24580
61138
23250
23252
23253
37400
49862
15633
51337
38733
38734
50489
15636
1703
15635
1702
9206
24553
25888
25887
15608
15607
32188
24551
84265
12575
82087
45494
85592
65992
11251
49841
24565
25899
25416
24562
49840
45481
85585
14768
14769
15615
3900
16945
12589
50826
67268
50825
69443
37056
40222
37057
42402
10811
33930
57469
10810
33931
26395
26394
31752
27240
84600
18784
73956
67277
37044
18782
18783
55291
43723
28109
43725
15279
18304
17420
42860
14391
18753
14392
38366
16574
29405
28559
29404
40202
29403
9242
56150
1756
60657
27220
60656
30400
60652
28552
30401
33910
33911
71316
13074
27239
77082
27237
85944
27234
57016
27233
37028
33903
31722
48152
2618
2617
48151
13040
14372
41993
37013
14373
48148
73982
28536
25025
9260
61523
61525
9262
81137
27682
81138
2622
83317
26352
36169
29862
28531
16558
37017
69485
69484
47292
47293
17405
16559
9278
68168
72663
63715
79286
62859
85967
39667
17419
68166
35290
17862
17863
70492
72673
63717
85517
85518
1314
39655
17864
17865
16538
50419
72206
13033
72687
16543
39643
72686
13032
57051
3503
83329
80297
3500
25497
81146
50420
39644
15697
16544
71922
42125
41273
18494
18496
18492
23840
18493
31475
34984
58955
34983
31474
11863
56779
65252
20344
41261
21673
43441
56781
38092
22521
22522
81720
79883
56303
79885
53273
79400
56783
56784
11874
12722
11873
11875
16295
18478
23825
18472
18473
71940
18474
22971
75067
57644
28275
1356
56794
71938
4865
71939
57649
32788
32304
28270
40395
17158
5730
2220
38071
7909
57657
32773
57658
7908
57651
57652
30110
54147
63095
22954
23804
71961
23805
23806
68799
29109
29108
40389
29106
83946
31432
82623
55485
75082
26077
5732
4885
7912
55009
5735
34946
30107
30106
20302
66146
71977
77260
55010
77261
30574
55012
29593
55011
77268
961
2235
34936
32757
29592
7924
19764
44720
71988
44721
17588
41697
39376
17583
34919
40369
41215
28237
32743
31418
31414
71978
19769
71979
18443
18444
43862
22944
37184
41680
43863
22945
34909
7951
67017
21619
43869
71990
40358
71991
34910
84814
2258
29575
17116
34913
49163
51912
65642
35430
18096
34581
31073
64319
38948
15829
15828
15827
31075
3598
78965
34585
35431
78964
51489
13643
86102
38946
12798
38947
64321
6643
66507
76770
23450
51498
50166
51497
4455
525
36752
4456
51499
12323
36754
7969
15836
36756
36757
26937
4473
66510
80813
24753
23422
23423
24754
26935
35899
6644
537
76328
76329
26948
46536
65678
23435
23436
80804
46539
31047
53694
32377
35402
12785
13632
6658
12783
15814
35408
63490
35407
10126
63491
35406
23407
4495
66534
4496
8851
8852
4498
80836
30181
22551
30180
80837
38907
80842
30184
80841
14939
52375
7997
43493
47845
47846
33680
65218
80827
34532
3169
35860
7524
55419
63041
20356
63043
66556
46983
6695
4036
3189
46989
78541
572
34525
34524
78542
32340
56752
53248
53249
33679
35857
5371
4040
47824
4041
20366
24723
34998
29176
14925
29175
77202
78535
107
32339
17962
7566
75840
71481
25106
116
15788
38424
15787
54916
15306
54914
52735
75839
52736
15791
5394
15790
15794
72344
72345
15792
46036
73673
72343
66902
121
85645
85646
85643
36234
85644
49540
30930
15318
15317
37550
24233
27744
74531
36220
74530
63888
35372
22058
35371
22059
63889
26899
63407
42900
132
135
22051
23383
83498
22053
23384
83495
15765
15764
37556
17943
83492
63890
36693
1809
63896
28603
24247
24248
66928
28605
18808
18809
37543
36697
13118
16627
1803
15779
54947
71048
14893
71046
9787
74554
72375
72376
24214
72374
8450
27725
1810
15749
23362
23363
13566
85210
14410
8449
1816
50118
45150
50119
45149
29919
29918
29917
9799
66942
62100
9798
38851
72387
22049
1822
1821
14429
44293
49981
16600
15758
51459
44292
13579
12692
66951
26852
25521
71065
26855
175
176
77610
51464
44284
78948
15724
32294
22022
23354
23356
14409
51472
54985
51473
22020
17919
14885
1849
36657
1845
19742
67389
9342
71886
71887
196
57580
81214
27363
31874
28214
26036
27364
27365
81213
2707
66053
18415
66054
38492
38493
15394
41663
15396
38015
43848
56262
43849
56263
84706
30530
2712
31863
61608
31862
81684
81685
32716
2717
31864
67393
37153
42500
16213
15366
15365
15364
49138
29524
9362
81229
58459
79399
26492
26491
4907
26012
56277
29522
26013
14039
81230
16214
26490
70589
40795
20727
13191
58460
9371
63815
83403
83402
69112
50509
19700
74955
71444
75800
29986
85609
9385
70590
81258
81259
83438
29985
57147
59326
85611
58478
57148
59325
49114
16678
17528
49113
16676
19702
49594
19701
17526
27335
71450
27336
8064
8063
3602
25152
25151
83422
83421
27334
83420
15357
82572
51853
15356
31821
46073
31823
3605
17981
70133
48247
26456
34086
34085
84306
84305
58018
22092
30961
85637
37598
37599
30963
50538
13149
75838
39760
37582
14001
39761
13155
37584
39764
15331
37586
39763
14000
75830
73651
39765
60341
13156
31805
13157
48232
31804
14009
75828
4957
